function days=sample_days()

%1:21, (1:7:90), (30:30:210)
days=[(1:21),(1:7:90)+21,(136:30:330)];

end